Vernier Format 2
untitled.txt 1/1/2021 22:0:11
Run 1
Time    Light   Temp
0.00	0.9892	7.0	
0.05	0.9900	6.9	
0.10	0.9902	6.9	
0.15	0.9900	6.9	
0.20	0.9897	6.9	
0.25	0.9900	6.9	
0.30	0.9900	6.9	
0.35	0.9900	6.9	
0.40	0.9897	6.9	
0.45	0.9897	6.9	
0.50	0.9900	6.9	
0.55	0.9900	6.9	
0.60	0.9895	6.9	
0.65	0.9902	6.9	
0.70	0.9905	6.9	
0.75	0.9900	6.9	
0.80	0.9900	6.9	
0.85	0.9900	6.9	
0.90	0.9902	6.9	
0.95	0.9902	6.9	
1.00	0.9897	6.9	
1.05	0.9897	6.9	
1.10	0.9902	6.9	
1.15	0.9902	6.8	
1.20	0.9897	6.8	
1.25	0.9900	6.8	
1.30	0.9900	6.7	
1.35	0.9902	6.7	
1.40	0.9900	6.7	
1.45	0.9897	6.6	
1.50	0.9900	6.6	
1.55	0.9902	6.5	
1.60	0.9902	6.5	
1.65	0.9897	6.4	
1.70	0.9900	6.3	
1.75	0.9900	6.3	
1.80	0.9902	6.2	
1.85	0.9897	6.1	
1.90	0.9900	6.1	
1.95	0.9902	6.0	
2.00	0.9902	5.9	
2.05	0.9900	5.8	
2.10	0.9897	5.8	
2.15	0.9900	5.7	
2.20	0.9902	5.6	
2.25	0.9900	5.6	
2.30	0.9897	5.5	
2.35	0.9900	5.4	
2.40	0.9900	5.4	
2.45	0.9900	5.4	
2.50	0.9897	5.3	
2.55	0.9900	5.2	
2.60	0.9900	5.2	
2.65	0.9900	5.1	
2.70	0.9900	5.1	
2.75	0.9895	5.0	
2.80	0.9900	5.0	
2.85	0.9900	5.0	
2.90	0.9902	4.9	
2.95	0.9900	4.9	
3.00	0.9900	4.8	
3.05	0.9902	4.8	
3.10	0.9902	4.7	
3.15	0.9902	4.7	
3.20	0.9897	4.7	
3.25	0.9900	4.6	
3.30	0.9902	4.6	
3.35	0.9902	4.6	
3.40	0.9902	4.5	
3.45	0.9897	4.5	
3.50	0.9902	4.4	
3.55	0.9902	4.4	
3.60	0.9902	4.4	
3.65	0.9900	4.3	
3.70	0.9900	4.3	
3.75	0.9900	4.2	
3.80	0.9902	4.2	
3.85	0.9902	4.2	
3.90	0.9897	4.2	
3.95	0.9900	4.1	
4.00	0.9900	4.1	
4.05	0.9900	4.0	
4.10	0.9895	4.0	
4.15	0.9897	4.0	
4.20	0.9897	3.9	
4.25	0.9897	3.9	
4.30	0.9895	3.9	
4.35	0.9895	3.9	
4.40	0.9895	3.9	
4.45	0.9895	3.8	
4.50	0.9897	3.8	
4.55	0.9895	3.7	
4.60	0.9900	3.7	
4.65	0.9902	3.7	
4.70	0.9905	3.7	
4.75	0.9902	3.6	
4.80	0.9905	3.6	
4.85	0.9907	3.6	
4.90	0.9910	3.6	
4.95	0.9910	3.6	
5.00	0.9910	3.5	
5.05	0.9912	3.5	
5.10	0.9910	3.5	
5.15	0.9910	3.4	
5.20	0.9907	3.4	
5.25	0.9910	3.4	
5.30	0.9910	3.4	
5.35	0.9905	3.3	
5.40	0.9892	3.3	
5.45	0.9885	3.3	
5.50	0.9867	3.3	
5.55	0.9865	3.2	
5.60	0.9862	3.2	
5.65	0.9870	3.2	
5.70	0.9875	3.2	
5.75	0.9882	3.2	
5.80	0.9877	3.1	
5.85	0.9860	3.1	
5.90	0.9723	3.1	
5.95	0.9802	3.1	
6.00	0.9940	3.1	
6.05	0.9955	3.0	
6.10	0.9962	3.0	
6.15	0.9965	3.0	
6.20	0.9967	3.0	
6.25	0.9970	2.9	
6.30	0.9975	2.9	
6.35	0.9977	2.9	
6.40	0.9975	2.9	
6.45	0.9975	2.9	
6.50	0.9975	2.9	
6.55	0.9970	2.9	
6.60	0.9962	2.8	
6.65	0.9962	2.8	
6.70	0.9967	2.8	
6.75	0.9967	2.8	
6.80	0.9972	2.8	
6.85	0.9975	2.7	
6.90	0.9975	2.7	
6.95	0.9972	2.7	
7.00	0.9972	2.7	
7.05	0.9975	2.7	
7.10	0.9972	2.7	
7.15	0.9967	2.7	
7.20	0.9970	2.7	
7.25	0.9972	2.6	
7.30	0.9967	2.6	
7.35	0.9960	2.6	
7.40	0.9955	2.6	
7.45	0.9952	2.6	
7.50	0.9950	2.6	
7.55	0.9947	2.5	
7.60	0.9947	2.5	
7.65	0.9947	2.5	
7.70	0.9945	2.5	
7.75	0.9947	2.5	
7.80	0.9950	2.5	
7.85	0.9947	2.4	
7.90	0.9942	2.4	
7.95	0.9947	2.4	
8.00	0.9947	2.4	
8.05	0.9945	2.4	
8.10	0.9942	2.4	
8.15	0.9950	2.4	
8.20	0.9950	2.4	
8.25	0.9945	2.4	
8.30	0.9942	2.3	
8.35	0.9940	2.3	
8.40	0.9940	2.3	
8.45	0.9935	2.3	
8.50	0.9940	2.3	
8.55	0.9945	2.3	
8.60	0.9942	2.3	
8.65	0.9942	2.3	
8.70	0.9942	2.3	
8.75	0.9940	2.3	
8.80	0.9932	2.2	
8.85	0.9935	2.2	
8.90	0.9940	2.2	
8.95	0.9940	2.2	
9.00	0.9940	2.2	
9.05	0.9942	2.2	
9.10	0.9942	2.2	
9.15	0.9942	2.1	
9.20	0.9940	2.1	
9.25	0.9940	2.1	
9.30	0.9940	2.1	
9.35	0.9935	2.1	
9.40	0.9937	2.1	
9.45	0.9940	2.1	
9.50	0.9940	2.1	
9.55	0.9935	2.0	
9.60	0.9935	2.0	
9.65	0.9935	2.0	
9.70	0.9940	2.0	
9.75	0.9937	2.0	
9.80	0.9942	2.0	
9.85	0.9942	2.0	
9.90	0.9940	2.0	
9.95	0.9937	1.9	
10.00	0.9937	1.9	
10.05	0.9940	1.9	
10.10	0.9932	1.9	
10.15	0.9935	1.9	
10.20	0.9940	1.9	
10.25	0.9942	1.9	
10.30	0.9942	1.9	
10.35	0.9942	1.9	
10.40	0.9942	1.8	
10.45	0.9942	1.8	
10.50	0.9940	1.8	
10.55	0.9940	1.8	
10.60	0.9942	1.8	
10.65	0.9942	1.8	
10.70	0.9940	1.8	
10.75	0.9942	1.7	
10.80	0.9945	1.7	
10.85	0.9942	1.7	
10.90	0.9940	1.6	
10.95	0.9942	1.7	
11.00	0.9945	1.6	
11.05	0.9942	1.6	
11.10	0.9942	1.6	
11.15	0.9945	1.6	
11.20	0.9947	1.6	
11.25	0.9942	1.6	
11.30	0.9940	1.6	
11.35	0.9940	1.6	
11.40	0.9940	1.6	
11.45	0.9940	1.5	
11.50	0.9942	1.5	
11.55	0.9947	1.5	
11.60	0.9970	1.5	
11.65	0.9982	1.5	
11.70	0.9990	1.5	
11.75	0.9990	1.4	
11.80	0.9990	1.5	
11.85	0.9985	1.4	
11.90	0.9982	1.4	
11.95	0.9977	1.4	
12.00	0.9982	1.4	
12.05	0.9980	1.4	
12.10	0.9980	1.4	
12.15	0.9980	1.4	
12.20	0.9980	1.4	
12.25	0.9975	1.4	
12.30	0.9972	1.4	
12.35	0.9975	1.4	
12.40	0.9977	1.4	
12.45	0.9977	1.4	
12.50	0.9980	1.4	
12.55	0.9982	1.4	
12.60	0.9982	1.3	
12.65	0.9982	1.3	
12.70	0.9975	1.3	
12.75	0.9977	1.3	
12.80	0.9980	1.3	
12.85	0.9977	1.3	
12.90	0.9972	1.3	
12.95	0.9975	1.3	
13.00	0.9980	1.3	
13.05	0.9980	1.3	
13.10	0.9975	1.3	
13.15	0.9967	1.3	
13.20	0.9950	1.3	
13.25	0.9945	1.2	
13.30	0.9942	1.3	
13.35	0.9942	1.2	
13.40	0.9942	1.2	
13.45	0.9945	1.2	
13.50	0.9947	1.2	
13.55	0.9947	1.2	
13.60	0.9950	1.2	
13.65	0.9952	1.2	
13.70	0.9955	1.2	
13.75	0.9952	1.2	
13.80	0.9950	1.2	
13.85	0.9952	1.2	
13.90	0.9952	1.2	
13.95	0.9955	1.2	
14.00	0.9960	1.2	
14.05	0.9955	1.2	
14.10	0.9955	1.2	
14.15	0.9952	1.2	
14.20	0.9952	1.2	
14.25	0.9952	1.1	
14.30	0.9952	1.1	
14.35	0.9952	1.1	
14.40	0.9955	1.1	
14.45	0.9955	1.1	
14.50	0.9952	1.1	
14.55	0.9952	1.1	
14.60	0.9952	1.1	
14.65	0.9955	1.1	
14.70	0.9952	1.1	
14.75	0.9952	1.1	
14.80	0.9952	1.1	
14.85	0.9955	1.1	
14.90	0.9955	1.1	
14.95	0.9955	1.1	
15.00	0.9952	1.1	
15.05	0.9952	1.1	
15.10	0.9952	1.1	
15.15	0.9952	1.1	
15.20	0.9952	1.1	
15.25	0.9955	1.1	
15.30	0.9952	1.1	
15.35	0.9952	1.0	
15.40	0.9952	1.0	
15.45	0.9955	1.0	
15.50	0.9955	1.0	
15.55	0.9950	1.0	
15.60	0.9950	1.0	
15.65	0.9952	1.0	
15.70	0.9955	1.0	
15.75	0.9952	1.0	
15.80	0.9952	1.0	
15.85	0.9950	1.0	
15.90	0.9950	1.0	
15.95	0.9952	1.0	
16.00	0.9952	1.0	
16.05	0.9952	1.0	
16.10	0.9950	0.9	
16.15	0.9945	1.0	
16.20	0.9950	0.9	
16.25	0.9947	0.9	
16.30	0.9950	0.9	
16.35	0.9950	0.9	
16.40	0.9950	0.9	
16.45	0.9945	0.9	
16.50	0.9945	0.9	
16.55	0.9947	0.9	
16.60	0.9950	0.9	
16.65	0.9950	0.9	
16.70	0.9950	0.9	
16.75	0.9945	0.9	
16.80	0.9947	0.9	
16.85	0.9947	0.9	
16.90	0.9950	0.9	
16.95	0.9950	0.9	
17.00	0.9950	0.9	
17.05	0.9947	0.9	
17.10	0.9947	0.9	
17.15	0.9947	0.9	
17.20	0.9950	0.9	
17.25	0.9947	0.8	
17.30	0.9947	0.9	
17.35	0.9947	0.9	
17.40	0.9942	0.8	
17.45	0.9940	0.9	
17.50	0.9942	0.8	
17.55	0.9945	0.8	
17.60	0.9942	0.8	
17.65	0.9947	0.8	
17.70	0.9947	0.8	
17.75	0.9947	0.8	
17.80	0.9945	0.8	
17.85	0.9945	0.8	
17.90	0.9947	0.8	
17.95	0.9950	0.8	
18.00	0.9950	0.8	
18.05	0.9952	0.8	
18.10	0.9950	0.8	
18.15	0.9950	0.8	
18.20	0.9947	0.8	
18.25	0.9945	0.8	
18.30	0.9945	0.8	
18.35	0.9947	0.8	
18.40	0.9947	0.8	
18.45	0.9950	0.7	
18.50	0.9947	0.8	
18.55	0.9945	0.7	
18.60	0.9942	0.7	
18.65	0.9942	0.7	
18.70	0.9942	0.7	
18.75	0.9942	0.7	
18.80	0.9947	0.7	
18.85	0.9947	0.7	
18.90	0.9950	0.7	
18.95	0.9950	0.7	
19.00	0.9950	0.7	
19.05	0.9950	0.7	
19.10	0.9950	0.7	
19.15	0.9945	0.7	
19.20	0.9945	0.7	
19.25	0.9945	0.7	
19.30	0.9947	0.7	
19.35	0.9947	0.7	
19.40	0.9950	0.7	
19.45	0.9950	0.7	
19.50	0.9950	0.7	
19.55	0.9950	0.7	
19.60	0.9950	0.7	
19.65	0.9947	0.7	
19.70	0.9947	0.7	
19.75	0.9945	0.7	
19.80	0.9942	0.7	
19.85	0.9942	0.7	
19.90	0.9945	0.7	
19.95	0.9947	0.7	
20.00	0.9947	0.6	
20.05	0.9947	0.7	
20.10	0.9950	0.6	
20.15	0.9950	0.6	
20.20	0.9950	0.6	
20.25	0.9950	0.6	
20.30	0.9952	0.6	
20.35	0.9952	0.6	
20.40	0.9950	0.6	
20.45	0.9952	0.6	
20.50	0.9952	0.6	
20.55	0.9952	0.6	
20.60	0.9950	0.6	
20.65	0.9947	0.6	
20.70	0.9947	0.6	
20.75	0.9945	0.6	
20.80	0.9945	0.6	
20.85	0.9945	0.6	
20.90	0.9947	0.6	
20.95	0.9947	0.6	
21.00	0.9947	0.6	
21.05	0.9950	0.6	
21.10	0.9950	0.6	
21.15	0.9950	0.6	
21.20	0.9950	0.6	
21.25	0.9950	0.6	
21.30	0.9950	0.6	
21.35	0.9952	0.6	
21.40	0.9952	0.6	
21.45	0.9952	0.6	
21.50	0.9952	0.6	
21.55	0.9952	0.6	
21.60	0.9952	0.6	
21.65	0.9952	0.6	
21.70	0.9952	0.6	
21.75	0.9950	0.6	
21.80	0.9950	0.6	
21.85	0.9950	0.6	
21.90	0.9950	0.6	
21.95	0.9947	0.6	
22.00	0.9947	0.6	
22.05	0.9947	0.6	
22.10	0.9947	0.6	
22.15	0.9947	0.6	
22.20	0.9947	0.6	
22.25	0.9947	0.6	
22.30	0.9947	0.6	
22.35	0.9947	0.6	
22.40	0.9945	0.6	
22.45	0.9947	0.6	
22.50	0.9947	0.6	
22.55	0.9947	0.6	
22.60	0.9947	0.6	
22.65	0.9947	0.6	
22.70	0.9947	0.5	
22.75	0.9945	0.6	
22.80	0.9947	0.6	
22.85	0.9945	0.6	
22.90	0.9947	0.5	
22.95	0.9942	0.6	
23.00	0.9942	0.6	
23.05	0.9942	0.6	
23.10	0.9942	0.6	
23.15	0.9940	0.6	
23.20	0.9940	0.6	
23.25	0.9942	0.5	
23.30	0.9942	0.5	
23.35	0.9942	0.6	
23.40	0.9947	0.5	
23.45	0.9947	0.5	
23.50	0.9947	0.5	
23.55	0.9947	0.5	
23.60	0.9947	0.5	
23.65	0.9947	0.6	
23.70	0.9947	0.5	
23.75	0.9947	0.5	
23.80	0.9947	0.5	
23.85	0.9950	0.5	
23.90	0.9947	0.5	
23.95	0.9947	0.5	
24.00	0.9947	0.5	
24.05	0.9947	0.5	
24.10	0.9947	0.5	
24.15	0.9947	0.5	
24.20	0.9942	0.5	
24.25	0.9945	0.5	
24.30	0.9945	0.5	
24.35	0.9945	0.5	
24.40	0.9942	0.5	
24.45	0.9942	0.5	
24.50	0.9940	0.5	
24.55	0.9942	0.5	
24.60	0.9942	0.5	
24.65	0.9942	0.5	
24.70	0.9942	0.5	
24.75	0.9945	0.5	
24.80	0.9945	0.5	
24.85	0.9945	0.5	
24.90	0.9947	0.5	
24.95	0.9947	0.5	
25.00	0.9945	0.5	
25.05	0.9945	0.5	
25.10	0.9945	0.5	
25.15	0.9942	0.5	
25.20	0.9942	0.5	
25.25	0.9942	0.5	
25.30	0.9940	0.5	
25.35	0.9942	0.5	
25.40	0.9942	0.5	
25.45	0.9942	0.5	
25.50	0.9945	0.5	
25.55	0.9945	0.5	
25.60	0.9945	0.5	
25.65	0.9942	0.5	
25.70	0.9945	0.5	
25.75	0.9945	0.5	
25.80	0.9942	0.5	
25.85	0.9942	0.5	
25.90	0.9942	0.5	
25.95	0.9942	0.5	
26.00	0.9945	0.5	
26.05	0.9942	0.5	
26.10	0.9945	0.5	
26.15	0.9942	0.5	
26.20	0.9942	0.5	
26.25	0.9942	0.5	
26.30	0.9940	0.5	
26.35	0.9940	0.5	
26.40	0.9940	0.5	
26.45	0.9942	0.5	
26.50	0.9942	0.5	
26.55	0.9942	0.5	
26.60	0.9942	0.4	
26.65	0.9942	0.5	
26.70	0.9942	0.5	
26.75	0.9942	0.5	
26.80	0.9940	0.4	
26.85	0.9942	0.5	
26.90	0.9942	0.5	
26.95	0.9942	0.5	
27.00	0.9942	0.5	
27.05	0.9942	0.5	
27.10	0.9942	0.5	
27.15	0.9940	0.5	
27.20	0.9940	0.4	
27.25	0.9942	0.5	
27.30	0.9942	0.5	
27.35	0.9942	0.4	
27.40	0.9942	0.4	
27.45	0.9942	0.4	
27.50	0.9940	0.4	
27.55	0.9940	0.4	
27.60	0.9942	0.4	
27.65	0.9942	0.4	
27.70	0.9942	0.4	
27.75	0.9942	0.4	
27.80	0.9942	0.4	
27.85	0.9942	0.4	
27.90	0.9940	0.4	
27.95	0.9942	0.4	
28.00	0.9942	0.4	
28.05	0.9942	0.4	
28.10	0.9942	0.4	
28.15	0.9942	0.4	
28.20	0.9940	0.4	
28.25	0.9942	0.4	
28.30	0.9942	0.4	
28.35	0.9945	0.4	
28.40	0.9942	0.4	
28.45	0.9942	0.4	
28.50	0.9940	0.4	
28.55	0.9942	0.4	
28.60	0.9945	0.4	
28.65	0.9945	0.4	
28.70	0.9942	0.4	
28.75	0.9942	0.4	
28.80	0.9942	0.4	
28.85	0.9942	0.4	
28.90	0.9945	0.4	
28.95	0.9945	0.4	
29.00	0.9942	0.4	
29.05	0.9942	0.4	
29.10	0.9940	0.4	
29.15	0.9942	0.4	
29.20	0.9945	0.4	
29.25	0.9945	0.4	
29.30	0.9942	0.4	
29.35	0.9942	0.4	
29.40	0.9942	0.4	
29.45	0.9947	0.4	
29.50	0.9947	0.4	
29.55	0.9945	0.4	
29.60	0.9942	0.4	
29.65	0.9940	0.4	
29.70	0.9945	0.4	
29.75	0.9945	0.4	
29.80	0.9942	0.4	
29.85	0.9942	0.4	
29.90	0.9940	0.4	
29.95	0.9945	0.4	
30.00	0.9945	0.4	
